{
  "byzones": [
    [65, 65, 65, 65, 65, 65, 75, 95, 115, 115],
    [252, 252, 252, 252, 252, 312, 312, 488, 708, 839],
    [254, 254, 254, 254, 254, 475, 475, 844, 1265, 1713],
    [236, 236, 236, 236, 236, 315, 315, 493, 638, 790],
    [275, 275, 275, 275, 275, 517, 517, 840, 1244, 1648],
    [275, 275, 275, 275, 275, 517, 517, 840, 1244, 1648],
    [190, 190, 190, 190, 190, 275, 275, 445, 530, 685]
  ],
  "byweight": [
    [65, 252, 254, 236, 275, 275, 190],
    [65, 252, 254, 236, 275, 275, 190],
    [65, 252, 254, 236, 275, 275, 190],
    [65, 252, 254, 236, 275, 275, 190],
    [65, 252, 254, 236, 275, 275, 190],
    [65, 312, 475, 315, 517, 517, 275],
    [75, 312, 475, 315, 517, 517, 275],
    [95, 488, 844, 493, 840, 840, 445],
    [115, 708, 1265, 638, 1244, 1244, 530],
    [115, 839, 1713, 790, 1648, 1648, 685]
  ]
}
